x1=[0;0.826446281;1.639344262;2.43902439;3.225806452;4;4.761904762;5.511811024;6.25;6.976744186;7.692307692;8.396946565;9.090909091;9.77443609;10.44776119;11.11111111;11.76470588;12.40875912;13.04347826;13.66906475;14.28571429;14.89361702;15.49295775;16.083911608;16.66666667;17.24137931];
Z1=[2.7;2.6;2.3;2.2;2.1;2.1;2;1.9;1.8;1.7;1.7;1.6;1.5;1.5;1.4;1.4;1.4;1.3;1.3;1.2;1;0.6;0.5;0.3;0.3;0.2];
X1=[0 1;0.826446281 1;1.639344262 1;2.43902439 1;3.225806452 1;4 1;4.761904762 1;5.511811024 1;6.25 1;6.976744186 1;7.692307692 1;8.396946565 1;9.090909091 1;9.77443609 1;10.44776119 1;11.11111111 1;11.76470588 1;12.40875912 1;13.04347826 1;13.66906475 1;14.28571429 1;14.89361702 1;15.49295775 1;16.083911608 1;16.66666667 1;17.24137931 1];


x2=[0;0.826446281;1.639344262;2.43902439;3.225806452;4;4.761904762;5.511811024;6.25;6.976744186;7.692307692;8.396946565;9.090909091;9.77443609;10.44776119;11.11111111;11.76470588;12.40875912;13.04347826;13.66906475;14.28571429];
Z2=[2.87;2.81;2.64;2.32;2.11;1.96;1.77;1.67;1.63;1.38;1.25;1.12;1;0.86;0.68;0.24;0.22;0.215;0.207;0.195;0.188];
X2=[0 1;0.826446281 1;1.639344262 1;2.43902439 1;3.225806452 1;4 1;4.761904762 1;5.511811024 1;6.25 1;6.976744186 1;7.692307692 1;8.396946565 1;9.090909091 1;9.77443609 1;10.44776119 1;11.11111111 1;11.76470588 1;12.40875912 1;13.04347826 1;13.66906475 1;14.28571429 1];

P=inv(X'*X)*X'*Z